50.0
45.3
25.9
52.6
18.8
52.5
76.7
34.2
33.5
13.9
26.9
51.1
11.1
37.8
44.0
38.2
39.5
58.2
54.8
32.4
33.8
26.8
24.2
35.1
22.1
63.4
64.0
62.4
80.7
41.2
72.4
18.7
68.8
55.5
52.9
10.3
14.4
37.8
41.5
79.3
55.3
54.7
56.7
34.6
40.5
23.5
32.2
39.5
26.6
24.9
37.4
52.8
62.6
60.3
50.5
36.9
63.1
35.1
38.1
49.3
50.8
74.7
90.4
70.3
37.8
49.6
40.8
50.2
40.1
12.8
41.8
40.2
63.3
25.0
57.2
54.8
60.2
34.2
69.0
52.8
86.5
54.4
50.4
45.4
81.3
53.0
85.8
31.5
48.4
38.6
47.2
78.1
29.8
65.3
68.3
49.6
60.6
50.6
36.4
5.7
50.0